IOC_SLIT:xr-PosAct             2018-09-07 14:34:55.408162 -40.1328  
IOC_SLIT:xr-PosSet             2018-09-07 14:34:55.355175 -40.1088  
IOC_SLIT:xr-PosSet             2018-09-07 14:35:43.805236 -40.1087  
IOC_SLIT:xr-PosSet             2018-09-07 14:35:43.806220 -40.1086  
IOC_SLIT:xr-PosSet             2018-09-07 14:35:43.807246 -40.1085  
IOC_SLIT:xr-PosSet             2018-09-07 14:35:43.808222 -40.1083  
IOC_SLIT:xr-PosSet             2018-09-07 14:35:43.809222 -40.108  
IOC_SLIT:xr-PosSet             2018-09-07 14:35:43.810203 -40.1077  
IOC_SLIT:xr-PosSet             2018-09-07 14:35:43.811206 -40.1074  
IOC_SLIT:xr-PosSet             2018-09-07 14:35:43.812207 -40.107  
IOC_SLIT:xr-PosSet             2018-09-07 14:35:43.813206 -40.1065  
IOC_SLIT:xr-PosSet             2018-09-07 14:35:43.814214 -40.106  
IOC_SLIT:xr-PosSet             2018-09-07 14:35:43.815186 -40.1055  
IOC_SLIT:xr-PosSet             2018-09-07 14:35:43.816196 -40.1049  
IOC_SLIT:xr-PosSet             2018-09-07 14:35:43.817198 -40.1042  
IOC_SLIT:xr-PosSet             2018-09-07 14:35:43.818186 -40.1035  
IOC_SLIT:xr-PosSet             2018-09-07 14:35:43.819213 -40.1028  
IOC_SLIT:xr-PosSet             2018-09-07 14:35:43.820161 -40.102  
IOC_SLIT:xr-PosSet             2018-09-07 14:35:43.821152 -40.1011  
IOC_SLIT:xr-PosSet             2018-09-07 14:35:43.822153 -40.1002  
IOC_SLIT:xr-PosSet             2018-09-07 14:35:43.823188 -40.0993  
IOC_SLIT:xr-PosSet             2018-09-07 14:35:43.824168 -40.0983  
IOC_SLIT:xr-PosSet             2018-09-07 14:35:43.825167 -40.0972  
IOC_SLIT:xr-PosSet             2018-09-07 14:35:43.826179 -40.0961  
IOC_SLIT:xr-PosSet             2018-09-07 14:35:43.827167 -40.095  
IOC_SLIT:xr-PosSet             2018-09-07 14:35:43.828164 -40.0938  
IOC_SLIT:xr-PosSet             2018-09-07 14:35:43.829170 -40.0925  
IOC_SLIT:xr-PosSet             2018-09-07 14:35:43.830168 -40.0912  
IOC_SLIT:xr-PosSet             2018-09-07 14:35:43.831168 -40.0899  
IOC_SLIT:xr-PosSet             2018-09-07 14:35:43.832167 -40.0885  
IOC_SLIT:xr-PosSet             2018-09-07 14:35:43.833204 -40.087  
IOC_SLIT:xr-PosSet             2018-09-07 14:35:43.834231 -40.0855  
IOC_SLIT:xr-PosSet             2018-09-07 14:35:43.835233 -40.084  
IOC_SLIT:xr-PosSet             2018-09-07 14:35:43.836229 -40.0824  
IOC_SLIT:xr-PosSet             2018-09-07 14:35:43.837203 -40.0807  
IOC_SLIT:xr-PosSet             2018-09-07 14:35:43.838249 -40.079  
IOC_SLIT:xr-PosSet             2018-09-07 14:35:43.839215 -40.0773  
IOC_SLIT:xr-PosSet             2018-09-07 14:35:43.840208 -40.0755  
IOC_SLIT:xr-PosAct             2018-09-07 14:35:43.841273 -40.0889  
IOC_SLIT:xr-PosSet             2018-09-07 14:35:43.841288 -40.0736  
IOC_SLIT:xr-PosSet             2018-09-07 14:35:43.842179 -40.0717  
IOC_SLIT:xr-PosSet             2018-09-07 14:35:43.843160 -40.0698  
IOC_SLIT:xr-PosSet             2018-09-07 14:35:43.844167 -40.0678  
IOC_SLIT:xr-PosSet             2018-09-07 14:35:43.845193 -40.0657  
IOC_SLIT:xr-PosSet             2018-09-07 14:35:43.846258 -40.0636  
IOC_SLIT:xr-PosSet             2018-09-07 14:35:43.847165 -40.0615  
IOC_SLIT:xr-PosSet             2018-09-07 14:35:43.848188 -40.0593  
IOC_SLIT:xr-PosSet             2018-09-07 14:35:43.849167 -40.057  
IOC_SLIT:xr-PosSet             2018-09-07 14:35:43.850184 -40.0547  
IOC_SLIT:xr-PosSet             2018-09-07 14:35:43.851166 -40.0524  
IOC_SLIT:xr-PosSet             2018-09-07 14:35:43.852184 -40.05  
IOC_SLIT:xr-PosSet             2018-09-07 14:35:43.853167 -40.0475  
IOC_SLIT:xr-PosAct             2018-09-07 14:35:43.854185 -40.0742  
IOC_SLIT:xr-PosSet             2018-09-07 14:35:43.854196 -40.045  
IOC_SLIT:xr-PosSet             2018-09-07 14:35:43.855172 -40.0425  
IOC_SLIT:xr-PosSet             2018-09-07 14:35:43.856167 -40.0399  
IOC_SLIT:xr-PosSet             2018-09-07 14:35:43.857173 -40.0372  
IOC_SLIT:xr-PosSet             2018-09-07 14:35:43.858185 -40.0345  
IOC_SLIT:xr-PosAct             2018-09-07 14:35:43.859174 -40.0596  
IOC_SLIT:xr-PosSet             2018-09-07 14:35:43.859181 -40.0318  
IOC_SLIT:xr-PosSet             2018-09-07 14:35:43.860197 -40.029  
IOC_SLIT:xr-PosSet             2018-09-07 14:35:43.861164 -40.0261  
IOC_SLIT:xr-PosSet             2018-09-07 14:35:43.862171 -40.0232  
IOC_SLIT:xr-PosSet             2018-09-07 14:35:43.863166 -40.0203  
IOC_SLIT:xr-PosAct             2018-09-07 14:35:43.864185 -40.0449  
IOC_SLIT:xr-PosSet             2018-09-07 14:35:43.864197 -40.0173  
IOC_SLIT:xr-PosSet             2018-09-07 14:35:43.865188 -40.0142  
IOC_SLIT:xr-PosAct             2018-09-07 14:35:43.866173 -40.0303  
IOC_SLIT:xr-PosSet             2018-09-07 14:35:43.866180 -40.0111  
IOC_SLIT:xr-PosSet             2018-09-07 14:35:43.867181 -40.008  
IOC_SLIT:xr-PosSet             2018-09-07 14:35:43.868162 -40.0048  
IOC_SLIT:xr-PosSet             2018-09-07 14:35:43.869156 -40.0015  
IOC_SLIT:xr-PosSet             2018-09-07 14:35:43.870171 -39.9982  
IOC_SLIT:xr-PosSet             2018-09-07 14:35:43.871178 -39.9949  
IOC_SLIT:xr-PosAct             2018-09-07 14:35:43.872191 -40.0156  
IOC_SLIT:xr-PosSet             2018-09-07 14:35:43.872199 -39.9915  
IOC_SLIT:xr-PosSet             2018-09-07 14:35:43.873181 -39.988  
IOC_SLIT:xr-PosSet             2018-09-07 14:35:43.874193 -39.9845  
IOC_SLIT:xr-PosSet             2018-09-07 14:35:43.875160 -39.981  
IOC_SLIT:xr-PosSet             2018-09-07 14:35:43.876155 -39.9774  
IOC_SLIT:xr-PosAct             2018-09-07 14:35:43.877238 -40.001  
IOC_SLIT:xr-PosSet             2018-09-07 14:35:43.877246 -39.9737  
IOC_SLIT:xr-PosSet             2018-09-07 14:35:43.878223 -39.97  
IOC_SLIT:xr-PosAct             2018-09-07 14:35:43.879187 -39.9863  
IOC_SLIT:xr-PosSet             2018-09-07 14:35:43.879196 -39.9663  
IOC_SLIT:xr-PosSet             2018-09-07 14:35:43.880188 -39.9625  
IOC_SLIT:xr-PosSet             2018-09-07 14:35:43.881181 -39.9586  
IOC_SLIT:xr-PosSet             2018-09-07 14:35:43.882185 -39.9547  
IOC_SLIT:xr-PosAct             2018-09-07 14:35:43.883182 -39.9717  
IOC_SLIT:xr-PosSet             2018-09-07 14:35:43.883190 -39.9508  
IOC_SLIT:xr-PosSet             2018-09-07 14:35:43.884182 -39.9468  
IOC_SLIT:xr-PosAct             2018-09-07 14:35:43.885232 -39.957  
IOC_SLIT:xr-PosSet             2018-09-07 14:35:43.885240 -39.9427  
IOC_SLIT:xr-PosSet             2018-09-07 14:35:43.886196 -39.9386  
IOC_SLIT:xr-PosSet             2018-09-07 14:35:43.887204 -39.9345  
IOC_SLIT:xr-PosAct             2018-09-07 14:35:43.888198 -39.9424  
IOC_SLIT:xr-PosSet             2018-09-07 14:35:43.888207 -39.9303  
IOC_SLIT:xr-PosSet             2018-09-07 14:35:43.889202 -39.926  
IOC_SLIT:xr-PosSet             2018-09-07 14:35:43.890215 -39.9217  
IOC_SLIT:xr-PosSet             2018-09-07 14:35:43.891229 -39.9174  
IOC_SLIT:xr-PosAct             2018-09-07 14:35:43.892248 -39.9277  
IOC_SLIT:xr-PosSet             2018-09-07 14:35:43.892258 -39.913  
IOC_SLIT:xr-PosSet             2018-09-07 14:35:43.893201 -39.9085  
IOC_SLIT:xr-PosAct             2018-09-07 14:35:43.894201 -39.9131  
IOC_SLIT:xr-PosSet             2018-09-07 14:35:43.894210 -39.904  
IOC_SLIT:xr-PosSet             2018-09-07 14:35:43.895310 -39.8995  
IOC_SLIT:xr-PosSet             2018-09-07 14:35:43.896159 -39.8949  
IOC_SLIT:xr-PosAct             2018-09-07 14:35:43.897161 -39.8984  
IOC_SLIT:xr-PosSet             2018-09-07 14:35:43.897175 -39.8902  
IOC_SLIT:xr-PosSet             2018-09-07 14:35:43.898152 -39.8855  
IOC_SLIT:xr-PosSet             2018-09-07 14:35:43.899151 -39.8808  
IOC_SLIT:xr-PosAct             2018-09-07 14:35:43.900148 -39.8838  
IOC_SLIT:xr-PosSet             2018-09-07 14:35:43.900166 -39.876  
IOC_SLIT:xr-PosSet             2018-09-07 14:35:43.901190 -39.8711  
IOC_SLIT:xr-PosSet             2018-09-07 14:35:43.902197 -39.8662  
IOC_SLIT:xr-PosAct             2018-09-07 14:35:43.903161 -39.8691  
IOC_SLIT:xr-PosSet             2018-09-07 14:35:43.903180 -39.8613  
IOC_SLIT:xr-PosSet             2018-09-07 14:35:43.904159 -39.8563  
IOC_SLIT:xr-PosSet             2018-09-07 14:35:43.905150 -39.8513  
IOC_SLIT:xr-PosSet             2018-09-07 14:35:43.906148 -39.8463  
IOC_SLIT:xr-PosAct             2018-09-07 14:35:43.907153 -39.8545  
IOC_SLIT:xr-PosSet             2018-09-07 14:35:43.907165 -39.8413  
IOC_SLIT:xr-PosSet             2018-09-07 14:35:43.908146 -39.8363  
IOC_SLIT:xr-PosSet             2018-09-07 14:35:43.909165 -39.8313  
IOC_SLIT:xr-PosAct             2018-09-07 14:35:43.910157 -39.8398  
IOC_SLIT:xr-PosSet             2018-09-07 14:35:43.910168 -39.8263  
IOC_SLIT:xr-PosSet             2018-09-07 14:35:43.911147 -39.8213  
IOC_SLIT:xr-PosSet             2018-09-07 14:35:43.912174 -39.8163  
IOC_SLIT:xr-PosSet             2018-09-07 14:35:43.913169 -39.8113  
IOC_SLIT:xr-PosAct             2018-09-07 14:35:43.914164 -39.8252  
IOC_SLIT:xr-PosSet             2018-09-07 14:35:43.914170 -39.8063  
IOC_SLIT:xr-PosSet             2018-09-07 14:35:43.915187 -39.8013  
IOC_SLIT:xr-PosAct             2018-09-07 14:35:43.916167 -39.8105  
IOC_SLIT:xr-PosSet             2018-09-07 14:35:43.916173 -39.7963  
IOC_SLIT:xr-PosSet             2018-09-07 14:35:43.917163 -39.7913  
IOC_SLIT:xr-PosSet             2018-09-07 14:35:43.918164 -39.7863  
IOC_SLIT:xr-PosAct             2018-09-07 14:35:43.919169 -39.7959  
IOC_SLIT:xr-PosSet             2018-09-07 14:35:43.919175 -39.7813  
IOC_SLIT:xr-PosSet             2018-09-07 14:35:43.920172 -39.7763  
IOC_SLIT:xr-PosSet             2018-09-07 14:35:43.921179 -39.7713  
IOC_SLIT:xr-PosAct             2018-09-07 14:35:43.922164 -39.7812  
IOC_SLIT:xr-PosSet             2018-09-07 14:35:43.922171 -39.7663  
IOC_SLIT:xr-PosSet             2018-09-07 14:35:43.923162 -39.7613  
IOC_SLIT:xr-PosSet             2018-09-07 14:35:43.924182 -39.7563  
IOC_SLIT:xr-PosAct             2018-09-07 14:35:43.925216 -39.7666  
IOC_SLIT:xr-PosSet             2018-09-07 14:35:43.925223 -39.7513  
IOC_SLIT:xr-PosSet             2018-09-07 14:35:43.926214 -39.7463  
IOC_SLIT:xr-PosSet             2018-09-07 14:35:43.929518 -39.7413  
IOC_SLIT:xr-PosAct             2018-09-07 14:35:43.929532 -39.752  
IOC_SLIT:xr-PosSet             2018-09-07 14:35:43.929540 -39.7363  
IOC_SLIT:xr-PosSet             2018-09-07 14:35:43.929548 -39.7313  
IOC_SLIT:xr-PosAct             2018-09-07 14:35:43.930182 -39.7373  
IOC_SLIT:xr-PosSet             2018-09-07 14:35:43.930190 -39.7263  
IOC_SLIT:xr-PosSet             2018-09-07 14:35:43.931192 -39.7213  
IOC_SLIT:xr-PosSet             2018-09-07 14:35:43.932224 -39.7163  
IOC_SLIT:xr-PosSet             2018-09-07 14:35:43.933190 -39.7113  
IOC_SLIT:xr-PosAct             2018-09-07 14:35:43.934180 -39.7227  
IOC_SLIT:xr-PosSet             2018-09-07 14:35:43.934188 -39.7063  
IOC_SLIT:xr-PosSet             2018-09-07 14:35:43.935274 -39.7013  
IOC_SLIT:xr-PosSet             2018-09-07 14:35:43.936174 -39.6963  
IOC_SLIT:xr-PosAct             2018-09-07 14:35:43.937180 -39.708  
IOC_SLIT:xr-PosSet             2018-09-07 14:35:43.937186 -39.6913  
IOC_SLIT:xr-PosSet             2018-09-07 14:35:43.938169 -39.6863  
IOC_SLIT:xr-PosSet             2018-09-07 14:35:43.939176 -39.6813  
IOC_SLIT:xr-PosAct             2018-09-07 14:35:43.940163 -39.6934  
IOC_SLIT:xr-PosSet             2018-09-07 14:35:43.940169 -39.6763  
IOC_SLIT:xr-PosSet             2018-09-07 14:35:43.941164 -39.6713  
IOC_SLIT:xr-PosAct             2018-09-07 14:35:43.942168 -39.6787  
IOC_SLIT:xr-PosSet             2018-09-07 14:35:43.942174 -39.6663  
IOC_SLIT:xr-PosSet             2018-09-07 14:35:43.943168 -39.6613  
IOC_SLIT:xr-PosAct             2018-09-07 14:35:43.944164 -39.6641  
IOC_SLIT:xr-PosSet             2018-09-07 14:35:43.944170 -39.6563  
IOC_SLIT:xr-PosSet             2018-09-07 14:35:43.945153 -39.6513  
IOC_SLIT:xr-PosAct             2018-09-07 14:35:43.946280 -39.6494  
IOC_SLIT:xr-PosSet             2018-09-07 14:35:43.946285 -39.6463  
IOC_SLIT:xr-PosSet             2018-09-07 14:35:43.947172 -39.6413  
IOC_SLIT:xr-PosAct             2018-09-07 14:35:43.948170 -39.6348  
IOC_SLIT:xr-PosSet             2018-09-07 14:35:43.948177 -39.6363  
IOC_SLIT:xr-PosSet             2018-09-07 14:35:43.949170 -39.6313  
IOC_SLIT:xr-PosSet             2018-09-07 14:35:43.950169 -39.6263  
IOC_SLIT:xr-PosAct             2018-09-07 14:35:43.951171 -39.6201  
IOC_SLIT:xr-PosSet             2018-09-07 14:35:43.951177 -39.6213  
IOC_SLIT:xr-PosSet             2018-09-07 14:35:43.952168 -39.6163  
IOC_SLIT:xr-PosAct             2018-09-07 14:35:43.953180 -39.6055  
IOC_SLIT:xr-PosSet             2018-09-07 14:35:43.953187 -39.6113  
IOC_SLIT:xr-PosSet             2018-09-07 14:35:43.954181 -39.6063  
IOC_SLIT:xr-PosSet             2018-09-07 14:35:43.955183 -39.6013  
IOC_SLIT:xr-PosAct             2018-09-07 14:35:43.956182 -39.5908  
IOC_SLIT:xr-PosSet             2018-09-07 14:35:43.956189 -39.5963  
IOC_SLIT:xr-PosSet             2018-09-07 14:35:43.957181 -39.5913  
IOC_SLIT:xr-PosSet             2018-09-07 14:35:43.958180 -39.5863  
IOC_SLIT:xr-PosAct             2018-09-07 14:35:43.959182 -39.5762  
IOC_SLIT:xr-PosSet             2018-09-07 14:35:43.959188 -39.5813  
IOC_SLIT:xr-PosSet             2018-09-07 14:35:43.960170 -39.5763  
IOC_SLIT:xr-PosAct             2018-09-07 14:35:43.961181 -39.5615  
IOC_SLIT:xr-PosSet             2018-09-07 14:35:43.961187 -39.5713  
IOC_SLIT:xr-PosSet             2018-09-07 14:35:43.962219 -39.5663  
IOC_SLIT:xr-PosSet             2018-09-07 14:35:43.963223 -39.5613  
IOC_SLIT:xr-PosAct             2018-09-07 14:35:43.964193 -39.5469  
IOC_SLIT:xr-PosSet             2018-09-07 14:35:43.964200 -39.5563  
IOC_SLIT:xr-PosSet             2018-09-07 14:35:43.965177 -39.5513  
IOC_SLIT:xr-PosSet             2018-09-07 14:35:43.966224 -39.5463  
IOC_SLIT:xr-PosSet             2018-09-07 14:35:43.967187 -39.5413  
IOC_SLIT:xr-PosAct             2018-09-07 14:35:43.968186 -39.5322  
IOC_SLIT:xr-PosSet             2018-09-07 14:35:43.968194 -39.5363  
IOC_SLIT:xr-PosSet             2018-09-07 14:35:43.969277 -39.5313  
IOC_SLIT:xr-PosSet             2018-09-07 14:35:43.970172 -39.5263  
IOC_SLIT:xr-PosAct             2018-09-07 14:35:43.971301 -39.5176  
IOC_SLIT:xr-PosSet             2018-09-07 14:35:43.971308 -39.5213  
IOC_SLIT:xr-PosSet             2018-09-07 14:35:43.972170 -39.5163  
IOC_SLIT:xr-PosSet             2018-09-07 14:35:43.973174 -39.5113  
IOC_SLIT:xr-PosAct             2018-09-07 14:35:43.974218 -39.5029  
IOC_SLIT:xr-PosSet             2018-09-07 14:35:43.974226 -39.5063  
IOC_SLIT:xr-PosSet             2018-09-07 14:35:43.975166 -39.5013  
IOC_SLIT:xr-PosSet             2018-09-07 14:35:43.976158 -39.4963  
IOC_SLIT:xr-PosAct             2018-09-07 14:35:43.977163 -39.4883  
IOC_SLIT:xr-PosSet             2018-09-07 14:35:43.977169 -39.4913  
IOC_SLIT:xr-PosSet             2018-09-07 14:35:43.978199 -39.4863  
IOC_SLIT:xr-PosSet             2018-09-07 14:35:43.979195 -39.4813  
IOC_SLIT:xr-PosSet             2018-09-07 14:35:43.980201 -39.4763  
IOC_SLIT:xr-PosAct             2018-09-07 14:35:43.981225 -39.4736  
IOC_SLIT:xr-PosSet             2018-09-07 14:35:43.981233 -39.4713  
IOC_SLIT:xr-PosSet             2018-09-07 14:35:43.982220 -39.4663  
IOC_SLIT:xr-PosSet             2018-09-07 14:35:43.983224 -39.4613  
IOC_SLIT:xr-PosAct             2018-09-07 14:35:43.984243 -39.459  
IOC_SLIT:xr-PosSet             2018-09-07 14:35:43.984250 -39.4563  
IOC_SLIT:xr-PosSet             2018-09-07 14:35:43.985181 -39.4513  
IOC_SLIT:xr-PosSet             2018-09-07 14:35:43.986180 -39.4463  
IOC_SLIT:xr-PosAct             2018-09-07 14:35:43.987220 -39.4443  
IOC_SLIT:xr-PosSet             2018-09-07 14:35:43.987227 -39.4413  
IOC_SLIT:xr-PosSet             2018-09-07 14:35:43.988225 -39.4363  
IOC_SLIT:xr-PosAct             2018-09-07 14:35:43.989227 -39.4297  
IOC_SLIT:xr-PosSet             2018-09-07 14:35:43.989234 -39.4313  
IOC_SLIT:xr-PosSet             2018-09-07 14:35:43.990218 -39.4263  
IOC_SLIT:xr-PosSet             2018-09-07 14:35:43.991190 -39.4213  
IOC_SLIT:xr-PosAct             2018-09-07 14:35:43.992179 -39.415  
IOC_SLIT:xr-PosSet             2018-09-07 14:35:43.992186 -39.4163  
IOC_SLIT:xr-PosSet             2018-09-07 14:35:43.993204 -39.4113  
IOC_SLIT:xr-PosAct             2018-09-07 14:35:43.994215 -39.4004  
IOC_SLIT:xr-PosSet             2018-09-07 14:35:43.994222 -39.4063  
IOC_SLIT:xr-PosSet             2018-09-07 14:35:43.995236 -39.4013  
IOC_SLIT:xr-PosAct             2018-09-07 14:35:43.996224 -39.3857  
IOC_SLIT:xr-PosSet             2018-09-07 14:35:43.996231 -39.3963  
IOC_SLIT:xr-PosSet             2018-09-07 14:35:43.997214 -39.3913  
IOC_SLIT:xr-PosSet             2018-09-07 14:35:43.998242 -39.3863  
IOC_SLIT:xr-PosAct             2018-09-07 14:35:43.999187 -39.3711  
IOC_SLIT:xr-PosSet             2018-09-07 14:35:43.999195 -39.3813  
IOC_SLIT:xr-PosSet             2018-09-07 14:35:44.000185 -39.3763  
IOC_SLIT:xr-PosAct             2018-09-07 14:35:44.001188 -39.3564  
IOC_SLIT:xr-PosSet             2018-09-07 14:35:44.001195 -39.3713  
IOC_SLIT:xr-PosSet             2018-09-07 14:35:44.002223 -39.3663  
IOC_SLIT:xr-PosSet             2018-09-07 14:35:44.003372 -39.3613  
IOC_SLIT:xr-PosAct             2018-09-07 14:35:44.004318 -39.3418  
IOC_SLIT:xr-PosSet             2018-09-07 14:35:44.004331 -39.3563  
IOC_SLIT:xr-PosSet             2018-09-07 14:35:44.005342 -39.3513  
IOC_SLIT:xr-PosAct             2018-09-07 14:35:44.006188 -39.3271  
IOC_SLIT:xr-PosSet             2018-09-07 14:35:44.006196 -39.3463  
IOC_SLIT:xr-PosSet             2018-09-07 14:35:44.007288 -39.3413  
IOC_SLIT:xr-PosSet             2018-09-07 14:35:44.008181 -39.3363  
IOC_SLIT:xr-PosAct             2018-09-07 14:35:44.009179 -39.3125  
IOC_SLIT:xr-PosSet             2018-09-07 14:35:44.009185 -39.3313  
IOC_SLIT:xr-PosSet             2018-09-07 14:35:44.010218 -39.3263  
IOC_SLIT:xr-PosSet             2018-09-07 14:35:44.011211 -39.3213  
IOC_SLIT:xr-PosAct             2018-09-07 14:35:44.012177 -39.2979  
IOC_SLIT:xr-PosSet             2018-09-07 14:35:44.012184 -39.3163  
IOC_SLIT:xr-PosSet             2018-09-07 14:35:44.013177 -39.3113  
IOC_SLIT:xr-PosSet             2018-09-07 14:35:44.014177 -39.3063  
IOC_SLIT:xr-PosAct             2018-09-07 14:35:44.015220 -39.2832  
IOC_SLIT:xr-PosSet             2018-09-07 14:35:44.015227 -39.3013  
IOC_SLIT:xr-PosSet             2018-09-07 14:35:44.016221 -39.2963  
IOC_SLIT:xr-PosSet             2018-09-07 14:35:44.017227 -39.2913  
IOC_SLIT:xr-PosSet             2018-09-07 14:35:44.018193 -39.2863  
IOC_SLIT:xr-PosAct             2018-09-07 14:35:44.019182 -39.2686  
IOC_SLIT:xr-PosSet             2018-09-07 14:35:44.019188 -39.2813  
IOC_SLIT:xr-PosSet             2018-09-07 14:35:44.020208 -39.2763  
IOC_SLIT:xr-PosSet             2018-09-07 14:35:44.021220 -39.2713  
IOC_SLIT:xr-PosSet             2018-09-07 14:35:44.022259 -39.2663  
IOC_SLIT:xr-PosAct             2018-09-07 14:35:44.023220 -39.2539  
IOC_SLIT:xr-PosSet             2018-09-07 14:35:44.023227 -39.2613  
IOC_SLIT:xr-PosSet             2018-09-07 14:35:44.024231 -39.2563  
IOC_SLIT:xr-PosSet             2018-09-07 14:35:44.025216 -39.2513  
IOC_SLIT:xr-PosSet             2018-09-07 14:35:44.026211 -39.2463  
IOC_SLIT:xr-PosAct             2018-09-07 14:35:44.027191 -39.2393  
IOC_SLIT:xr-PosSet             2018-09-07 14:35:44.027198 -39.2413  
IOC_SLIT:xr-PosSet             2018-09-07 14:35:44.028180 -39.2363  
IOC_SLIT:xr-PosSet             2018-09-07 14:35:44.029172 -39.2313  
IOC_SLIT:xr-PosAct             2018-09-07 14:35:44.030171 -39.2246  
IOC_SLIT:xr-PosSet             2018-09-07 14:35:44.030178 -39.2263  
IOC_SLIT:xr-PosSet             2018-09-07 14:35:44.031170 -39.2213  
IOC_SLIT:xr-PosSet             2018-09-07 14:35:44.032170 -39.2163  
IOC_SLIT:xr-PosAct             2018-09-07 14:35:44.033180 -39.21  
IOC_SLIT:xr-PosSet             2018-09-07 14:35:44.033187 -39.2113  
IOC_SLIT:xr-PosSet             2018-09-07 14:35:44.034238 -39.2063  
IOC_SLIT:xr-PosSet             2018-09-07 14:35:44.035245 -39.2013  
IOC_SLIT:xr-PosAct             2018-09-07 14:35:44.036209 -39.1953  
IOC_SLIT:xr-PosSet             2018-09-07 14:35:44.036216 -39.1963  
IOC_SLIT:xr-PosSet             2018-09-07 14:35:44.037223 -39.1913  
IOC_SLIT:xr-PosSet             2018-09-07 14:35:44.038222 -39.1863  
IOC_SLIT:xr-PosAct             2018-09-07 14:35:44.039211 -39.1807  
IOC_SLIT:xr-PosSet             2018-09-07 14:35:44.039219 -39.1813  
IOC_SLIT:xr-PosSet             2018-09-07 14:35:44.040396 -39.1763  
IOC_SLIT:xr-PosSet             2018-09-07 14:35:44.041277 -39.1713  
IOC_SLIT:xr-PosAct             2018-09-07 14:35:44.042281 -39.166  
IOC_SLIT:xr-PosSet             2018-09-07 14:35:44.042294 -39.1663  
IOC_SLIT:xr-PosSet             2018-09-07 14:35:44.043182 -39.1613  
IOC_SLIT:xr-PosSet             2018-09-07 14:35:44.044177 -39.1563  
IOC_SLIT:xr-PosSet             2018-09-07 14:35:44.045170 -39.1513  
IOC_SLIT:xr-PosAct             2018-09-07 14:35:44.046306 -39.1514  
IOC_SLIT:xr-PosSet             2018-09-07 14:35:44.046313 -39.1463  
IOC_SLIT:xr-PosSet             2018-09-07 14:35:44.047169 -39.1413  
IOC_SLIT:xr-PosSet             2018-09-07 14:35:44.048182 -39.1363  
IOC_SLIT:xr-PosSet             2018-09-07 14:35:44.049188 -39.1313  
IOC_SLIT:xr-PosAct             2018-09-07 14:35:44.050193 -39.1367  
IOC_SLIT:xr-PosSet             2018-09-07 14:35:44.050200 -39.1263  
IOC_SLIT:xr-PosSet             2018-09-07 14:35:44.051166 -39.1213  
IOC_SLIT:xr-PosAct             2018-09-07 14:35:44.052179 -39.1221  
IOC_SLIT:xr-PosSet             2018-09-07 14:35:44.052185 -39.1163  
IOC_SLIT:xr-PosSet             2018-09-07 14:35:44.053168 -39.1113  
IOC_SLIT:xr-PosAct             2018-09-07 14:35:44.054179 -39.1074  
IOC_SLIT:xr-PosSet             2018-09-07 14:35:44.054185 -39.1063  
IOC_SLIT:xr-PosSet             2018-09-07 14:35:44.055175 -39.1013  
IOC_SLIT:xr-PosSet             2018-09-07 14:35:44.056181 -39.0963  
IOC_SLIT:xr-PosAct             2018-09-07 14:35:44.057181 -39.0928  
IOC_SLIT:xr-PosSet             2018-09-07 14:35:44.057188 -39.0913  
IOC_SLIT:xr-PosSet             2018-09-07 14:35:44.058180 -39.0863  
IOC_SLIT:xr-PosSet             2018-09-07 14:35:44.059180 -39.0813  
IOC_SLIT:xr-PosAct             2018-09-07 14:35:44.060180 -39.0781  
IOC_SLIT:xr-PosSet             2018-09-07 14:35:44.060186 -39.0763  
IOC_SLIT:xr-PosSet             2018-09-07 14:35:44.061180 -39.0713  
IOC_SLIT:xr-PosSet             2018-09-07 14:35:44.062167 -39.0663  
IOC_SLIT:xr-PosAct             2018-09-07 14:35:44.063177 -39.0635  
IOC_SLIT:xr-PosSet             2018-09-07 14:35:44.063184 -39.0613  
IOC_SLIT:xr-PosSet             2018-09-07 14:35:44.064179 -39.0563  
IOC_SLIT:xr-PosSet             2018-09-07 14:35:44.065170 -39.0513  
IOC_SLIT:xr-PosAct             2018-09-07 14:35:44.066181 -39.0488  
IOC_SLIT:xr-PosSet             2018-09-07 14:35:44.066188 -39.0463  
IOC_SLIT:xr-PosSet             2018-09-07 14:35:44.067168 -39.0413  
IOC_SLIT:xr-PosAct             2018-09-07 14:35:44.068180 -39.0342  
IOC_SLIT:xr-PosSet             2018-09-07 14:35:44.068186 -39.0363  
IOC_SLIT:xr-PosSet             2018-09-07 14:35:44.069177 -39.0313  
IOC_SLIT:xr-PosAct             2018-09-07 14:35:44.070168 -39.0195  
IOC_SLIT:xr-PosSet             2018-09-07 14:35:44.070174 -39.0263  
IOC_SLIT:xr-PosSet             2018-09-07 14:35:44.071259 -39.0213  
IOC_SLIT:xr-PosAct             2018-09-07 14:35:44.072257 -39.0049  
IOC_SLIT:xr-PosSet             2018-09-07 14:35:44.072266 -39.0163  
IOC_SLIT:xr-PosSet             2018-09-07 14:35:44.073215 -39.0113  
IOC_SLIT:xr-PosSet             2018-09-07 14:35:44.074234 -39.0063  
IOC_SLIT:xr-PosAct             2018-09-07 14:35:44.075363 -38.9902  
IOC_SLIT:xr-PosSet             2018-09-07 14:35:44.075376 -39.0013  
IOC_SLIT:xr-PosSet             2018-09-07 14:35:44.076259 -38.9963  
IOC_SLIT:xr-PosSet             2018-09-07 14:35:44.077246 -38.9913  
IOC_SLIT:xr-PosAct             2018-09-07 14:35:44.078204 -38.9756  
IOC_SLIT:xr-PosSet             2018-09-07 14:35:44.078211 -38.9863  
IOC_SLIT:xr-PosSet             2018-09-07 14:35:44.079237 -38.9813  
IOC_SLIT:xr-PosSet             2018-09-07 14:35:44.080197 -38.9763  
IOC_SLIT:xr-PosAct             2018-09-07 14:35:44.081257 -38.9609  
IOC_SLIT:xr-PosSet             2018-09-07 14:35:44.081265 -38.9713  
IOC_SLIT:xr-PosSet             2018-09-07 14:35:44.082213 -38.9663  
IOC_SLIT:xr-PosSet             2018-09-07 14:35:44.083201 -38.9613  
IOC_SLIT:xr-PosAct             2018-09-07 14:35:44.084230 -38.9463  
IOC_SLIT:xr-PosSet             2018-09-07 14:35:44.084237 -38.9563  
IOC_SLIT:xr-PosSet             2018-09-07 14:35:44.085247 -38.9513  
IOC_SLIT:xr-PosSet             2018-09-07 14:35:44.086271 -38.9463  
IOC_SLIT:xr-PosAct             2018-09-07 14:35:44.087214 -38.9316  
IOC_SLIT:xr-PosSet             2018-09-07 14:35:44.087221 -38.9413  
IOC_SLIT:xr-PosSet             2018-09-07 14:35:44.088207 -38.9363  
IOC_SLIT:xr-PosSet             2018-09-07 14:35:44.089205 -38.9313  
IOC_SLIT:xr-PosSet             2018-09-07 14:35:44.090204 -38.9263  
IOC_SLIT:xr-PosAct             2018-09-07 14:35:44.091180 -38.917  
IOC_SLIT:xr-PosSet             2018-09-07 14:35:44.091187 -38.9213  
IOC_SLIT:xr-PosSet             2018-09-07 14:35:44.092213 -38.9163  
IOC_SLIT:xr-PosSet             2018-09-07 14:35:44.093225 -38.9113  
IOC_SLIT:xr-PosAct             2018-09-07 14:35:44.094226 -38.9023  
IOC_SLIT:xr-PosSet             2018-09-07 14:35:44.094233 -38.9063  
IOC_SLIT:xr-PosSet             2018-09-07 14:35:44.095235 -38.9013  
IOC_SLIT:xr-PosAct             2018-09-07 14:35:44.096234 -38.8877  
IOC_SLIT:xr-PosSet             2018-09-07 14:35:44.096242 -38.8963  
IOC_SLIT:xr-PosSet             2018-09-07 14:35:44.097221 -38.8913  
IOC_SLIT:xr-PosSet             2018-09-07 14:35:44.098243 -38.8863  
IOC_SLIT:xr-PosAct             2018-09-07 14:35:44.099225 -38.873  
IOC_SLIT:xr-PosSet             2018-09-07 14:35:44.099232 -38.8813  
IOC_SLIT:xr-PosSet             2018-09-07 14:35:44.100212 -38.8763  
IOC_SLIT:xr-PosSet             2018-09-07 14:35:44.101218 -38.8713  
IOC_SLIT:xr-PosAct             2018-09-07 14:35:44.102212 -38.8584  
IOC_SLIT:xr-PosSet             2018-09-07 14:35:44.102219 -38.8663  
IOC_SLIT:xr-PosSet             2018-09-07 14:35:44.103205 -38.8613  
IOC_SLIT:xr-PosSet             2018-09-07 14:35:44.104189 -38.8563  
IOC_SLIT:xr-PosAct             2018-09-07 14:35:44.105174 -38.8438  
IOC_SLIT:xr-PosSet             2018-09-07 14:35:44.105182 -38.8513  
IOC_SLIT:xr-PosSet             2018-09-07 14:35:44.106237 -38.8463  
IOC_SLIT:xr-PosSet             2018-09-07 14:35:44.107236 -38.8413  
IOC_SLIT:xr-PosAct             2018-09-07 14:35:44.108185 -38.8291  
IOC_SLIT:xr-PosSet             2018-09-07 14:35:44.108192 -38.8363  
IOC_SLIT:xr-PosSet             2018-09-07 14:35:44.109236 -38.8313  
IOC_SLIT:xr-PosAct             2018-09-07 14:35:44.110328 -38.8145  
IOC_SLIT:xr-PosSet             2018-09-07 14:35:44.110342 -38.8263  
IOC_SLIT:xr-PosSet             2018-09-07 14:35:44.111276 -38.8213  
IOC_SLIT:xr-PosSet             2018-09-07 14:35:44.112190 -38.8163  
IOC_SLIT:xr-PosAct             2018-09-07 14:35:44.113179 -38.7998  
IOC_SLIT:xr-PosSet             2018-09-07 14:35:44.113186 -38.8113  
IOC_SLIT:xr-PosSet             2018-09-07 14:35:44.114165 -38.8063  
IOC_SLIT:xr-PosSet             2018-09-07 14:35:44.115166 -38.8013  
IOC_SLIT:xr-PosAct             2018-09-07 14:35:44.116188 -38.7852  
IOC_SLIT:xr-PosSet             2018-09-07 14:35:44.116195 -38.7963  
IOC_SLIT:xr-PosSet             2018-09-07 14:35:44.117166 -38.7913  
IOC_SLIT:xr-PosAct             2018-09-07 14:35:44.118177 -38.7705  
IOC_SLIT:xr-PosSet             2018-09-07 14:35:44.118184 -38.7863  
IOC_SLIT:xr-PosSet             2018-09-07 14:35:44.119231 -38.7813  
IOC_SLIT:xr-PosSet             2018-09-07 14:35:44.120198 -38.7763  
IOC_SLIT:xr-PosAct             2018-09-07 14:35:44.121174 -38.7559  
IOC_SLIT:xr-PosSet             2018-09-07 14:35:44.121181 -38.7713  
IOC_SLIT:xr-PosSet             2018-09-07 14:35:44.122181 -38.7663  
IOC_SLIT:xr-PosSet             2018-09-07 14:35:44.123172 -38.7613  
IOC_SLIT:xr-PosAct             2018-09-07 14:35:44.124180 -38.7412  
IOC_SLIT:xr-PosSet             2018-09-07 14:35:44.124187 -38.7563  
IOC_SLIT:xr-PosSet             2018-09-07 14:35:44.125168 -38.7513  
IOC_SLIT:xr-PosSet             2018-09-07 14:35:44.126179 -38.7463  
IOC_SLIT:xr-PosAct             2018-09-07 14:35:44.127227 -38.7266  
IOC_SLIT:xr-PosSet             2018-09-07 14:35:44.127233 -38.7413  
IOC_SLIT:xr-PosSet             2018-09-07 14:35:44.128179 -38.7363  
IOC_SLIT:xr-PosSet             2018-09-07 14:35:44.129169 -38.7313  
IOC_SLIT:xr-PosAct             2018-09-07 14:35:44.130180 -38.7119  
IOC_SLIT:xr-PosSet             2018-09-07 14:35:44.130187 -38.7263  
IOC_SLIT:xr-PosSet             2018-09-07 14:35:44.131199 -38.7213  
IOC_SLIT:xr-PosSet             2018-09-07 14:35:44.132256 -38.7163  
IOC_SLIT:xr-PosAct             2018-09-07 14:35:44.133267 -38.6973  
IOC_SLIT:xr-PosSet             2018-09-07 14:35:44.133275 -38.7113  
IOC_SLIT:xr-PosSet             2018-09-07 14:35:44.134268 -38.7063  
IOC_SLIT:xr-PosSet             2018-09-07 14:35:44.135294 -38.7013  
IOC_SLIT:xr-PosAct             2018-09-07 14:35:44.136250 -38.6826  
IOC_SLIT:xr-PosSet             2018-09-07 14:35:44.136258 -38.6963  
IOC_SLIT:xr-PosSet             2018-09-07 14:35:44.137179 -38.6913  
IOC_SLIT:xr-PosAct             2018-09-07 14:35:44.138194 -38.668  
IOC_SLIT:xr-PosSet             2018-09-07 14:35:44.138201 -38.6863  
IOC_SLIT:xr-PosSet             2018-09-07 14:35:44.139172 -38.6813  
IOC_SLIT:xr-PosSet             2018-09-07 14:35:44.140166 -38.6763  
IOC_SLIT:xr-PosSet             2018-09-07 14:35:44.141182 -38.6713  
IOC_SLIT:xr-PosSet             2018-09-07 14:35:44.142187 -38.6663  
IOC_SLIT:xr-PosAct             2018-09-07 14:35:44.143182 -38.6533  
IOC_SLIT:xr-PosSet             2018-09-07 14:35:44.143189 -38.6613  
IOC_SLIT:xr-PosSet             2018-09-07 14:35:44.144172 -38.6563  
IOC_SLIT:xr-PosSet             2018-09-07 14:35:44.145324 -38.6513  
IOC_SLIT:xr-PosAct             2018-09-07 14:35:44.146436 -38.6387  
IOC_SLIT:xr-PosSet             2018-09-07 14:35:44.146448 -38.6463  
IOC_SLIT:xr-PosSet             2018-09-07 14:35:44.147288 -38.6413  
IOC_SLIT:xr-PosSet             2018-09-07 14:35:44.148171 -38.6363  
IOC_SLIT:xr-PosAct             2018-09-07 14:35:44.149171 -38.624  
IOC_SLIT:xr-PosSet             2018-09-07 14:35:44.149177 -38.6313  
IOC_SLIT:xr-PosSet             2018-09-07 14:35:44.150166 -38.6263  
IOC_SLIT:xr-PosSet             2018-09-07 14:35:44.151167 -38.6213  
IOC_SLIT:xr-PosSet             2018-09-07 14:35:44.152190 -38.6163  
IOC_SLIT:xr-PosAct             2018-09-07 14:35:44.153267 -38.6094  
IOC_SLIT:xr-PosSet             2018-09-07 14:35:44.153275 -38.6113  
IOC_SLIT:xr-PosSet             2018-09-07 14:35:44.154251 -38.6063  
IOC_SLIT:xr-PosAct             2018-09-07 14:35:44.155197 -38.5947  
IOC_SLIT:xr-PosSet             2018-09-07 14:35:44.155205 -38.6013  
IOC_SLIT:xr-PosSet             2018-09-07 14:35:44.156264 -38.5963  
IOC_SLIT:xr-PosSet             2018-09-07 14:35:44.157266 -38.5913  
IOC_SLIT:xr-PosSet             2018-09-07 14:35:44.158239 -38.5863  
IOC_SLIT:xr-PosAct             2018-09-07 14:35:44.159237 -38.5801  
IOC_SLIT:xr-PosSet             2018-09-07 14:35:44.159245 -38.5813  
IOC_SLIT:xr-PosSet             2018-09-07 14:35:44.160274 -38.5763  
IOC_SLIT:xr-PosSet             2018-09-07 14:35:44.161384 -38.5713  
IOC_SLIT:xr-PosSet             2018-09-07 14:35:44.162176 -38.5663  
IOC_SLIT:xr-PosAct             2018-09-07 14:35:44.163168 -38.5654  
IOC_SLIT:xr-PosSet             2018-09-07 14:35:44.163175 -38.5613  
IOC_SLIT:xr-PosSet             2018-09-07 14:35:44.164167 -38.5563  
IOC_SLIT:xr-PosSet             2018-09-07 14:35:44.165206 -38.5513  
IOC_SLIT:xr-PosSet             2018-09-07 14:35:44.166168 -38.5463  
IOC_SLIT:xr-PosAct             2018-09-07 14:35:44.167169 -38.5508  
IOC_SLIT:xr-PosSet             2018-09-07 14:35:44.167175 -38.5413  
IOC_SLIT:xr-PosSet             2018-09-07 14:35:44.168164 -38.5363  
IOC_SLIT:xr-PosSet             2018-09-07 14:35:44.169260 -38.5313  
IOC_SLIT:xr-PosAct             2018-09-07 14:35:44.170185 -38.5361  
IOC_SLIT:xr-PosSet             2018-09-07 14:35:44.170191 -38.5263  
IOC_SLIT:xr-PosSet             2018-09-07 14:35:44.171175 -38.5213  
IOC_SLIT:xr-PosAct             2018-09-07 14:35:44.172171 -38.5215  
IOC_SLIT:xr-PosSet             2018-09-07 14:35:44.172177 -38.5163  
IOC_SLIT:xr-PosSet             2018-09-07 14:35:44.173177 -38.5113  
IOC_SLIT:xr-PosSet             2018-09-07 14:35:44.174182 -38.5063  
IOC_SLIT:xr-PosAct             2018-09-07 14:35:44.175176 -38.5068  
IOC_SLIT:xr-PosSet             2018-09-07 14:35:44.175183 -38.5013  
IOC_SLIT:xr-PosSet             2018-09-07 14:35:44.176232 -38.4963  
IOC_SLIT:xr-PosSet             2018-09-07 14:35:44.177235 -38.4913  
IOC_SLIT:xr-PosAct             2018-09-07 14:35:44.178213 -38.4922  
IOC_SLIT:xr-PosSet             2018-09-07 14:35:44.178220 -38.4863  
IOC_SLIT:xr-PosSet             2018-09-07 14:35:44.179279 -38.4813  
IOC_SLIT:xr-PosSet             2018-09-07 14:35:44.180228 -38.4763  
IOC_SLIT:xr-PosAct             2018-09-07 14:35:44.181222 -38.4775  
IOC_SLIT:xr-PosSet             2018-09-07 14:35:44.181229 -38.4713  
IOC_SLIT:xr-PosSet             2018-09-07 14:35:44.182312 -38.4663  
IOC_SLIT:xr-PosSet             2018-09-07 14:35:44.183186 -38.4613  
IOC_SLIT:xr-PosAct             2018-09-07 14:35:44.184179 -38.4629  
IOC_SLIT:xr-PosSet             2018-09-07 14:35:44.184186 -38.4563  
IOC_SLIT:xr-PosSet             2018-09-07 14:35:44.185170 -38.4513  
IOC_SLIT:xr-PosAct             2018-09-07 14:35:44.186178 -38.4482  
IOC_SLIT:xr-PosSet             2018-09-07 14:35:44.186184 -38.4463  
IOC_SLIT:xr-PosSet             2018-09-07 14:35:44.187176 -38.4413  
IOC_SLIT:xr-PosSet             2018-09-07 14:35:44.188184 -38.4363  
IOC_SLIT:xr-PosAct             2018-09-07 14:35:44.189180 -38.4336  
IOC_SLIT:xr-PosSet             2018-09-07 14:35:44.189187 -38.4313  
IOC_SLIT:xr-PosSet             2018-09-07 14:35:44.190177 -38.4263  
IOC_SLIT:xr-PosSet             2018-09-07 14:35:44.191181 -38.4213  
IOC_SLIT:xr-PosAct             2018-09-07 14:35:44.192182 -38.4189  
IOC_SLIT:xr-PosSet             2018-09-07 14:35:44.192188 -38.4163  
IOC_SLIT:xr-PosSet             2018-09-07 14:35:44.193180 -38.4113  
IOC_SLIT:xr-PosSet             2018-09-07 14:35:44.194180 -38.4063  
IOC_SLIT:xr-PosAct             2018-09-07 14:35:44.195191 -38.4043  
IOC_SLIT:xr-PosSet             2018-09-07 14:35:44.195197 -38.4013  
IOC_SLIT:xr-PosSet             2018-09-07 14:35:44.196171 -38.3963  
IOC_SLIT:xr-PosAct             2018-09-07 14:35:44.197169 -38.3896  
IOC_SLIT:xr-PosSet             2018-09-07 14:35:44.197176 -38.3913  
IOC_SLIT:xr-PosSet             2018-09-07 14:35:44.198180 -38.3863  
IOC_SLIT:xr-PosSet             2018-09-07 14:35:44.199168 -38.3813  
IOC_SLIT:xr-PosAct             2018-09-07 14:35:44.200169 -38.375  
IOC_SLIT:xr-PosSet             2018-09-07 14:35:44.200175 -38.3763  
IOC_SLIT:xr-PosSet             2018-09-07 14:35:44.201167 -38.3713  
IOC_SLIT:xr-PosSet             2018-09-07 14:35:44.202167 -38.3663  
IOC_SLIT:xr-PosAct             2018-09-07 14:35:44.203167 -38.3604  
IOC_SLIT:xr-PosSet             2018-09-07 14:35:44.203174 -38.3613  
IOC_SLIT:xr-PosSet             2018-09-07 14:35:44.204167 -38.3563  
IOC_SLIT:xr-PosSet             2018-09-07 14:35:44.205170 -38.3513  
IOC_SLIT:xr-PosAct             2018-09-07 14:35:44.206169 -38.3457  
IOC_SLIT:xr-PosSet             2018-09-07 14:35:44.206175 -38.3463  
IOC_SLIT:xr-PosSet             2018-09-07 14:35:44.207180 -38.3413  
IOC_SLIT:xr-PosSet             2018-09-07 14:35:44.208275 -38.3363  
IOC_SLIT:xr-PosSet             2018-09-07 14:35:44.209281 -38.3313  
IOC_SLIT:xr-PosAct             2018-09-07 14:35:44.210178 -38.3311  
IOC_SLIT:xr-PosSet             2018-09-07 14:35:44.210185 -38.3263  
IOC_SLIT:xr-PosSet             2018-09-07 14:35:44.211165 -38.3213  
IOC_SLIT:xr-PosAct             2018-09-07 14:35:44.212172 -38.3164  
IOC_SLIT:xr-PosSet             2018-09-07 14:35:44.212179 -38.3163  
IOC_SLIT:xr-PosSet             2018-09-07 14:35:44.213182 -38.3113  
IOC_SLIT:xr-PosSet             2018-09-07 14:35:44.214168 -38.3063  
IOC_SLIT:xr-PosAct             2018-09-07 14:35:44.215229 -38.3018  
IOC_SLIT:xr-PosSet             2018-09-07 14:35:44.215236 -38.3013  
IOC_SLIT:xr-PosSet             2018-09-07 14:35:44.216217 -38.2963  
IOC_SLIT:xr-PosSet             2018-09-07 14:35:44.217205 -38.2913  
IOC_SLIT:xr-PosAct             2018-09-07 14:35:44.218202 -38.2871  
IOC_SLIT:xr-PosSet             2018-09-07 14:35:44.218209 -38.2863  
IOC_SLIT:xr-PosSet             2018-09-07 14:35:44.219183 -38.2813  
IOC_SLIT:xr-PosAct             2018-09-07 14:35:44.220282 -38.2725  
IOC_SLIT:xr-PosSet             2018-09-07 14:35:44.220300 -38.2763  
IOC_SLIT:xr-PosSet             2018-09-07 14:35:44.221186 -38.2713  
IOC_SLIT:xr-PosSet             2018-09-07 14:35:44.222177 -38.2663  
IOC_SLIT:xr-PosAct             2018-09-07 14:35:44.223174 -38.2578  
IOC_SLIT:xr-PosSet             2018-09-07 14:35:44.223180 -38.2613  
IOC_SLIT:xr-PosSet             2018-09-07 14:35:44.224179 -38.2563  
IOC_SLIT:xr-PosSet             2018-09-07 14:35:44.225225 -38.2513  
IOC_SLIT:xr-PosAct             2018-09-07 14:35:44.226192 -38.2432  
IOC_SLIT:xr-PosSet             2018-09-07 14:35:44.226198 -38.2463  
IOC_SLIT:xr-PosSet             2018-09-07 14:35:44.227181 -38.2413  
IOC_SLIT:xr-PosSet             2018-09-07 14:35:44.228182 -38.2363  
IOC_SLIT:xr-PosAct             2018-09-07 14:35:44.229198 -38.2285  
IOC_SLIT:xr-PosSet             2018-09-07 14:35:44.229204 -38.2313  
IOC_SLIT:xr-PosSet             2018-09-07 14:35:44.230181 -38.2263  
IOC_SLIT:xr-PosAct             2018-09-07 14:35:44.231168 -38.2139  
IOC_SLIT:xr-PosSet             2018-09-07 14:35:44.231174 -38.2213  
IOC_SLIT:xr-PosSet             2018-09-07 14:35:44.232199 -38.2163  
IOC_SLIT:xr-PosAct             2018-09-07 14:35:44.233182 -38.1992  
IOC_SLIT:xr-PosSet             2018-09-07 14:35:44.233188 -38.2113  
IOC_SLIT:xr-PosSet             2018-09-07 14:35:44.234197 -38.2063  
IOC_SLIT:xr-PosSet             2018-09-07 14:35:44.235181 -38.2013  
IOC_SLIT:xr-PosAct             2018-09-07 14:35:44.236198 -38.1846  
IOC_SLIT:xr-PosSet             2018-09-07 14:35:44.236204 -38.1963  
IOC_SLIT:xr-PosSet             2018-09-07 14:35:44.237182 -38.1913  
IOC_SLIT:xr-PosAct             2018-09-07 14:35:44.238182 -38.1699  
IOC_SLIT:xr-PosSet             2018-09-07 14:35:44.238188 -38.1863  
IOC_SLIT:xr-PosSet             2018-09-07 14:35:44.239182 -38.1813  
IOC_SLIT:xr-PosSet             2018-09-07 14:35:44.240180 -38.1763  
IOC_SLIT:xr-PosAct             2018-09-07 14:35:44.241200 -38.1553  
IOC_SLIT:xr-PosSet             2018-09-07 14:35:44.241206 -38.1713  
IOC_SLIT:xr-PosSet             2018-09-07 14:35:44.242181 -38.1663  
IOC_SLIT:xr-PosSet             2018-09-07 14:35:44.243204 -38.1613  
IOC_SLIT:xr-PosAct             2018-09-07 14:35:44.244180 -38.1406  
IOC_SLIT:xr-PosSet             2018-09-07 14:35:44.244186 -38.1563  
IOC_SLIT:xr-PosSet             2018-09-07 14:35:44.245168 -38.1513  
IOC_SLIT:xr-PosAct             2018-09-07 14:35:44.246316 -38.126  
IOC_SLIT:xr-PosSet             2018-09-07 14:35:44.246322 -38.1463  
IOC_SLIT:xr-PosSet             2018-09-07 14:35:44.247170 -38.1413  
